0 0.025608 0.576121 0.050637 0.096976
0 0.061632 0.547967 0.042824 0.130344
0 0.110966 0.486444 0.087674 0.182482
0 0.209925 0.418665 0.093461 0.213764
0 0.265480 0.542753 0.051794 0.149114
0 0.299045 0.687696 0.021701 0.063608
0 0.330729 0.699687 0.029514 0.050052
0 0.381944 0.352450 0.104745 0.204380
0 0.363715 0.638165 0.014468 0.054223
0 0.426649 0.537018 0.044271 0.100104
0 0.448640 0.630865 0.026331 0.083420
0 0.487413 0.488530 0.074942 0.172054
0 0.543981 0.579771 0.032986 0.075078
0 0.581597 0.562044 0.034144 0.098019
0 0.692564 0.551095 0.040799 0.109489
0 0.791377 0.568300 0.047454 0.104275
0 0.834057 0.397289 0.055266 0.127216
